Sine Voltage [V]	Amplifed Voltage [V]
0.004000	0.00390628
0.011781	0.0119019
0.019563	0.0198365
0.027344	0.025818
0.035125	0.0337527
0.042906	0.0416873
0.050688	0.0496218
0.058469	0.0575564
0.066250	0.0655522
0.074031	0.0734868
0.081812	0.0814214
0.089594	0.0893559
0.097375	0.0953374
0.105156	0.103272
0.112937	0.111207
0.120719	0.119202
0.128500	0.127198
0.136281	0.135194
0.144063	0.143128
0.151844	0.151002
0.159625	0.158998
0.167406	0.164979
0.175187	0.172914
0.182969	0.180848
0.190750	0.188783
0.198531	0.196717
0.206313	0.204713
0.214094	0.212647
0.221875	0.220582
0.229656	0.228517
0.237437	0.234498
0.245219	0.242433
0.253000	0.250368
0.260781	0.258364
0.268562	0.266298
0.276344	0.274233
0.284125	0.282167
0.291906	0.290102
0.299687	0.298037
0.307469	0.304018
0.315250	0.311953
0.323031	0.319948
0.330813	0.327883
0.338594	0.335817
0.346375	0.343752
0.354156	0.351686
0.361938	0.359682
0.369719	0.367617
0.377500	0.375551
0.385281	0.381533
0.393062	0.389467
0.400844	0.397402
0.408625	0.405336
0.416406	0.413271
0.424187	0.421206
0.431969	0.42914
0.439750	0.437136
0.447531	0.44507
0.455313	0.450991
0.463094	0.458925
0.470875	0.46686
0.478656	0.474855
0.486438	0.48279
0.494219	0.490725
0.502000	0.498659
0.509781	0.506596
0.517563	0.514591
0.525344	0.520512
0.533125	0.528446
0.540906	0.536381
0.548687	0.544437
0.556469	0.552372
0.564250	0.560307
0.572031	0.568241
0.579812	0.576176
0.587594	0.584049
0.595375	0.590031
0.603156	0.597965
0.610938	0.6059
0.618719	0.613834
0.626500	0.621769
0.634281	0.629765
0.642062	0.637699
0.649844	0.645634
0.657625	0.653629
0.665406	0.659489
0.673188	0.667484
0.680969	0.675419
0.688750	0.683353
0.696531	0.691288
0.704313	0.699345
0.712094	0.707279
0.719875	0.715275
0.727656	0.723148
0.735437	0.72913
0.743219	0.737003
0.751000	0.744938
0.758781	0.752872
0.766563	0.760807
0.774344	0.768742
0.782125	0.776737
0.789906	0.784672
0.797687	0.792545
0.805469	0.798527
0.813250	0.806461
0.821031	0.814396
0.828812	0.82233
0.836594	0.830265
0.844375	0.8382
0.852156	0.846134
0.859938	0.854069
0.867719	0.862125
0.875500	0.869999
0.883281	0.875919
0.891062	0.883854
0.898844	0.89185
0.906625	0.899723
0.914406	0.907719
0.922188	0.915592
0.929969	0.923588
0.937750	0.931522
0.945531	0.939518
0.953313	0.945499
0.961094	0.953495
0.968875	0.96143
0.976656	0.969364
0.984437	0.977299
0.992219	0.985172
1.000000	0.993168
0.992157	0.985172
0.984315	0.977299
0.976472	0.969364
0.968630	0.96143
0.960787	0.953495
0.952945	0.945499
0.945102	0.937565
0.937260	0.929508
0.929417	0.921574
0.921575	0.915592
0.913732	0.907658
0.905890	0.899723
0.898047	0.891788
0.890205	0.883854
0.882362	0.875919
0.874520	0.867985
0.866677	0.86005
0.858835	0.852055
0.850992	0.84412
0.843150	0.836124
0.835307	0.828251
0.827465	0.820316
0.819622	0.814396
0.811780	0.806461
0.803937	0.798527
0.796094	0.790592
0.788252	0.782658
0.780409	0.774662
0.772567	0.766727
0.764724	0.758793
0.756882	0.750919
0.749039	0.742924
0.741197	0.73505
0.733354	0.727055
0.725512	0.721134
0.717669	0.7132
0.709827	0.705265
0.701984	0.69733
0.694142	0.689274
0.686299	0.681339
0.678457	0.673405
0.670614	0.66547
0.662772	0.657536
0.654929	0.649601
0.647087	0.641666
0.639244	0.633732
0.631402	0.625736
0.623559	0.619755
0.615717	0.61182
0.607874	0.603886
0.600031	0.595951
0.592189	0.587955
0.584346	0.580082
0.576504	0.572147
0.568661	0.564213
0.560819	0.556339
0.552976	0.548344
0.545134	0.540409
0.537291	0.532413
0.529449	0.524418
0.521606	0.518497
0.513764	0.510563
0.505921	0.502567
0.498079	0.494692
0.490236	0.486757
0.482394	0.478762
0.474551	0.470827
0.466709	0.462893
0.458866	0.454958
0.451024	0.447023
0.443181	0.439089
0.435339	0.431093
0.427496	0.423159
0.419654	0.417238
0.411811	0.409304
0.403969	0.401308
0.396126	0.393373
0.388283	0.385439
0.380441	0.377504
0.372598	0.36957
0.364756	0.361574
0.356913	0.35364
0.349071	0.345705
0.341228	0.33777
0.333386	0.329836
0.325543	0.323854
0.317701	0.31592
0.309858	0.307985
0.302016	0.300051
0.294173	0.292116
0.286331	0.284182
0.278488	0.276186
0.270646	0.268251
0.262803	0.260317
0.254961	0.252382
0.247118	0.244386
0.239276	0.236451
0.231433	0.228517
0.223591	0.222535
0.215748	0.214601
0.207906	0.206666
0.200063	0.198731
0.192220	0.190797
0.184378	0.182801
0.176535	0.174867
0.168693	0.166932
0.160850	0.158998
0.153008	0.151002
0.145165	0.143128
0.137323	0.135133
0.129480	0.127137
0.121638	0.121216
0.113795	0.113221
0.105953	0.105286
0.098110	0.0973516
0.090268	0.0893559
0.082425	0.0814214
0.074583	0.0734868
0.066740	0.0655522
0.058898	0.0575564
0.051055	0.0496218
0.043213	0.0416873
0.035370	0.0337527
0.027528	0.0277711
0.019685	0.0198365
0.011843	0.0119019
0.004000	0.00390628
