Sine Voltage [V]	Amplifed Voltage [V]
0.004000	0
0.011781	0.000122071
0.019563	0.000183106
0.027344	0.000244142
0.035125	0.000305178
0.042906	0.000427248
0.050688	0.000488285
0.058469	0.00054932
0.066250	0.000610355
0.074031	0.000732426
0.081812	0.000793461
0.089594	0.000854496
0.097375	0.000915531
0.105156	0.00097657
0.112937	0.00109864
0.120719	0.00115968
0.128500	0.00128175
0.136281	0.00134278
0.144063	0.00140382
0.151844	0.00152589
0.159625	0.00158692
0.167406	0.00164796
0.175187	0.00170899
0.182969	0.00183106
0.190750	0.0018921
0.198531	0.00195314
0.206313	0.00201418
0.214094	0.00213625
0.221875	0.00219728
0.229656	0.00225832
0.237437	0.00231935
0.245219	0.00244142
0.253000	0.00250246
0.260781	0.00262453
0.268562	0.00268556
0.276344	0.0027466
0.284125	0.00280763
0.291906	0.0029297
0.299687	0.00299074
0.307469	0.00305177
0.315250	0.00311281
0.323031	0.00317384
0.330813	0.00329591
0.338594	0.00335695
0.346375	0.00341798
0.354156	0.00354005
0.361938	0.00360109
0.369719	0.00372316
0.377500	0.00378419
0.385281	0.00384523
0.393062	0.00390628
0.400844	0.00402835
0.408625	0.00408939
0.416406	0.00415042
0.424187	0.00421146
0.431969	0.00427249
0.439750	0.00439456
0.447531	0.0044556
0.455313	0.00451663
0.463094	0.0046387
0.470875	0.00469974
0.478656	0.00476077
0.486438	0.00488284
0.494219	0.00494388
0.502000	0.00506595
0.509781	0.00512698
0.517563	0.00518802
0.525344	0.00524905
0.533125	0.00531009
0.540906	0.00543216
0.548687	0.00549319
0.556469	0.00555423
0.564250	0.00561526
0.572031	0.00573733
0.579812	0.00579837
0.587594	0.00592044
0.595375	0.00592044
0.603156	0.00604251
0.610938	0.00610355
0.618719	0.00622562
0.626500	0.00628665
0.634281	0.00634769
0.642062	0.00640872
0.649844	0.00653079
0.657625	0.00659183
0.665406	0.00665286
0.673188	0.0067139
0.680969	0.00677493
0.688750	0.006897
0.696531	0.00695804
0.704313	0.00708011
0.712094	0.00714114
0.719875	0.00720218
0.727656	0.00732425
0.735437	0.00738528
0.743219	0.00744632
0.751000	0.00750735
0.758781	0.00762942
0.766563	0.00769046
0.774344	0.00775149
0.782125	0.00781256
0.789906	0.00793463
0.797687	0.00799567
0.805469	0.0080567
0.813250	0.00811774
0.821031	0.00823981
0.828812	0.00830084
0.836594	0.00836188
0.844375	0.00848395
0.852156	0.00854498
0.859938	0.00860602
0.867719	0.00872809
0.875500	0.00878912
0.883281	0.00885016
0.891062	0.00891119
0.898844	0.00897223
0.906625	0.0090943
0.914406	0.00915533
0.922188	0.00921637
0.929969	0.00933844
0.937750	0.00939947
0.945531	0.00952154
0.953313	0.00958258
0.961094	0.00964361
0.968875	0.00970465
0.976656	0.00982672
0.984437	0.00988775
0.992219	0.00994879
1.000000	0.0100098
0.992157	0.00994879
0.984315	0.00988775
0.976472	0.00982672
0.968630	0.00970465
0.960787	0.00964361
0.952945	0.00952154
0.945102	0.00946051
0.937260	0.00939947
0.929417	0.0092774
0.921575	0.00921637
0.913732	0.00915533
0.905890	0.0090943
0.898047	0.00897223
0.890205	0.00891119
0.882362	0.00885016
0.874520	0.00878912
0.866677	0.00872809
0.858835	0.00860602
0.850992	0.00854498
0.843150	0.00842291
0.835307	0.00836188
0.827465	0.00823981
0.819622	0.00823981
0.811780	0.00811774
0.803937	0.0080567
0.796094	0.00799567
0.788252	0.00787359
0.780409	0.00781256
0.772567	0.00775149
0.764724	0.00769046
0.756882	0.00756839
0.749039	0.00750735
0.741197	0.00738528
0.733354	0.00732425
0.725512	0.00726321
0.717669	0.00720218
0.709827	0.00708011
0.701984	0.00701907
0.694142	0.00695804
0.686299	0.006897
0.678457	0.00677493
0.670614	0.0067139
0.662772	0.00665286
0.654929	0.00659183
0.647087	0.00646976
0.639244	0.00640872
0.631402	0.00628665
0.623559	0.00622562
0.615717	0.00616458
0.607874	0.00610355
0.600031	0.00598148
0.592189	0.00592044
0.584346	0.0058594
0.576504	0.00579837
0.568661	0.0056763
0.560819	0.00561526
0.552976	0.00555423
0.545134	0.00543216
0.537291	0.00537112
0.529449	0.00524905
0.521606	0.00524905
0.513764	0.00512698
0.505921	0.00506595
0.498079	0.00494388
0.490236	0.00488284
0.482394	0.00482181
0.474551	0.00476077
0.466709	0.00469974
0.458866	0.00457767
0.451024	0.00451663
0.443181	0.00439456
0.435339	0.00433353
0.427496	0.00427249
0.419654	0.00421146
0.411811	0.00408939
0.403969	0.00402835
0.396126	0.00396731
0.388283	0.00384523
0.380441	0.00378419
0.372598	0.00372316
0.364756	0.00366212
0.356913	0.00354005
0.349071	0.00347902
0.341228	0.00341798
0.333386	0.00329591
0.325543	0.00323488
0.317701	0.00317384
0.309858	0.00311281
0.302016	0.00299074
0.294173	0.0029297
0.286331	0.00280763
0.278488	0.0027466
0.270646	0.00268556
0.262803	0.00262453
0.254961	0.00256349
0.247118	0.00244142
0.239276	0.00238039
0.231433	0.00225832
0.223591	0.00225832
0.215748	0.00213625
0.207906	0.00207521
0.200063	0.00195314
0.192220	0.0018921
0.184378	0.00183106
0.176535	0.00170899
0.168693	0.00164796
0.160850	0.00158692
0.153008	0.00152589
0.145165	0.00140382
0.137323	0.00134278
0.129480	0.00128175
0.121638	0.00122071
0.113795	0.00109864
0.105953	0.00103761
0.098110	0.00097657
0.090268	0.000854496
0.082425	0.000793461
0.074583	0.000732426
0.066740	0.000610355
0.058898	0.00054932
0.051055	0.000488285
0.043213	0.000427248
0.035370	0.000305178
0.027528	0.000244142
0.019685	0.000183106
0.011843	0.000122071
0.004000	0
