Sine Voltage [V]	Amplifed Voltage [V]
0.004000	0.000366213
0.011781	0.00115968
0.019563	0.00195314
0.027344	0.00256349
0.035125	0.00335695
0.042906	0.00415042
0.050688	0.00494388
0.058469	0.00573733
0.066250	0.00653079
0.074031	0.00732425
0.081812	0.00811774
0.089594	0.00891119
0.097375	0.00952154
0.105156	0.010315
0.112937	0.0111085
0.120719	0.0118409
0.128500	0.0126954
0.136281	0.0134888
0.144063	0.0142823
0.151844	0.0150757
0.159625	0.0158693
0.167406	0.0164796
0.175187	0.017212
0.182969	0.0180055
0.190750	0.01886
0.198531	0.0196534
0.206313	0.0204469
0.214094	0.0211793
0.221875	0.0219728
0.229656	0.0228273
0.237437	0.0233766
0.245219	0.0242311
0.253000	0.0250245
0.260781	0.025818
0.268562	0.0265504
0.276344	0.0273439
0.284125	0.0281984
0.291906	0.0289918
0.299687	0.0297853
0.307469	0.0303956
0.315250	0.031128
0.323031	0.0319216
0.330813	0.0327151
0.338594	0.0335085
0.346375	0.034363
0.354156	0.0351565
0.361938	0.0358889
0.369719	0.0366824
0.377500	0.0374758
0.385281	0.0380862
0.393062	0.0388796
0.400844	0.0396731
0.408625	0.0404665
0.416406	0.04126
0.424187	0.0420535
0.431969	0.0428469
0.439750	0.0436404
0.447531	0.0444949
0.455313	0.0450442
0.463094	0.0458376
0.470875	0.0466311
0.478656	0.0474246
0.486438	0.048218
0.494219	0.0490115
0.502000	0.0498049
0.509781	0.0505984
0.517563	0.0513918
0.525344	0.0520022
0.533125	0.0527956
0.540906	0.0535891
0.548687	0.0543826
0.556469	0.055176
0.564250	0.0559695
0.572031	0.0567629
0.579812	0.0575564
0.587594	0.0583498
0.595375	0.0589602
0.603156	0.0597537
0.610938	0.0605471
0.618719	0.0613406
0.626500	0.062134
0.634281	0.0629277
0.642062	0.0637212
0.649844	0.0645146
0.657625	0.0653081
0.665406	0.0659184
0.673188	0.0667119
0.680969	0.0675054
0.688750	0.0682378
0.696531	0.0690923
0.704313	0.0698857
0.712094	0.0706792
0.719875	0.0714726
0.727656	0.0722661
0.735437	0.0728765
0.743219	0.0736089
0.751000	0.0744634
0.758781	0.0752568
0.766563	0.0760503
0.774344	0.0767827
0.782125	0.0775762
0.789906	0.0784307
0.797687	0.0792241
0.805469	0.0797734
0.813250	0.0806279
0.821031	0.0814214
0.828812	0.0821538
0.836594	0.0829473
0.844375	0.0837407
0.852156	0.0845952
0.859938	0.0853276
0.867719	0.0861821
0.875500	0.0869145
0.883281	0.0875249
0.891062	0.0883183
0.898844	0.0891118
0.906625	0.0899053
0.914406	0.0907598
0.922188	0.0914922
0.929969	0.0922856
0.937750	0.0930791
0.945531	0.0938725
0.953313	0.0944829
0.961094	0.0952764
0.968875	0.0960698
0.976656	0.0969243
0.984437	0.0976567
0.992219	0.0984502
1.000000	0.0992436
0.992157	0.0984502
0.984315	0.0976567
0.976472	0.0969243
0.968630	0.0960698
0.960787	0.0952764
0.952945	0.0944829
0.945102	0.0936894
0.937260	0.092896
0.929417	0.0921025
0.921575	0.0914922
0.913732	0.0906987
0.905890	0.0899053
0.898047	0.0891118
0.890205	0.0883183
0.882362	0.0875249
0.874520	0.0867314
0.866677	0.085938
0.858835	0.0851445
0.850992	0.0843511
0.843150	0.0835576
0.835307	0.0827641
0.827465	0.0819707
0.819622	0.0814214
0.811780	0.0806279
0.803937	0.0797734
0.796094	0.07898
0.788252	0.0781865
0.780409	0.0773931
0.772567	0.0765996
0.764724	0.0758061
0.756882	0.0750127
0.749039	0.0742192
0.741197	0.0734258
0.733354	0.0726323
0.725512	0.072083
0.717669	0.0712895
0.709827	0.0704961
0.701984	0.0696416
0.694142	0.0688481
0.686299	0.0680547
0.678457	0.0673223
0.670614	0.0665288
0.662772	0.0656743
0.654929	0.0648808
0.647087	0.0640874
0.639244	0.0632939
0.631402	0.0625005
0.623559	0.0619509
0.615717	0.0611575
0.607874	0.060364
0.600031	0.0595095
0.592189	0.0587161
0.584346	0.0579836
0.576504	0.0571902
0.568661	0.0563967
0.560819	0.0555422
0.552976	0.0547488
0.545134	0.0540164
0.537291	0.0531619
0.529449	0.0524294
0.521606	0.0518191
0.513764	0.0510256
0.505921	0.0501711
0.498079	0.0493777
0.490236	0.0486453
0.482394	0.0478518
0.474551	0.0470583
0.466709	0.0462649
0.458866	0.0454104
0.451024	0.0446169
0.443181	0.0438845
0.435339	0.0430911
0.427496	0.0422976
0.419654	0.0416873
0.411811	0.0408938
0.403969	0.0400393
0.396126	0.0393069
0.388283	0.0385134
0.380441	0.03772
0.372598	0.0369265
0.364756	0.036072
0.356913	0.0352786
0.349071	0.0345461
0.341228	0.0337527
0.333386	0.0329592
0.325543	0.0323489
0.317701	0.0315554
0.309858	0.0307618
0.302016	0.0299684
0.294173	0.0291749
0.286331	0.0283815
0.278488	0.027588
0.270646	0.0267946
0.262803	0.0259401
0.254961	0.0252076
0.247118	0.0244142
0.239276	0.0236207
0.231433	0.0228273
0.223591	0.0222169
0.215748	0.0214235
0.207906	0.02063
0.200063	0.0198365
0.192220	0.0190431
0.184378	0.0182496
0.176535	0.0174562
0.168693	0.0166627
0.160850	0.0158693
0.153008	0.0150757
0.145165	0.0142823
0.137323	0.0134888
0.129480	0.0126954
0.121638	0.012085
0.113795	0.0112916
0.105953	0.0104981
0.098110	0.00970465
0.090268	0.00891119
0.082425	0.00811774
0.074583	0.00732425
0.066740	0.00653079
0.058898	0.00573733
0.051055	0.00494388
0.043213	0.00415042
0.035370	0.00335695
0.027528	0.0027466
0.019685	0.00195314
0.011843	0.00115968
0.004000	0.000366213
