Sine Voltage [V]	Amplifed Voltage [V]
0.004000	0.0151978
0.011781	0.0455935
0.019563	0.0759282
0.027344	0.0986943
0.035125	0.129151
0.042906	0.159547
0.050688	0.189942
0.058469	0.220338
0.066250	0.250673
0.074031	0.281069
0.081812	0.311403
0.089594	0.341799
0.097375	0.364565
0.105156	0.39496
0.112937	0.425295
0.120719	0.45569
0.128500	0.486147
0.136281	0.516544
0.144063	0.546879
0.151844	0.577213
0.159625	0.607609
0.167406	0.630375
0.175187	0.660709
0.182969	0.690983
0.190750	0.721378
0.198531	0.751774
0.206313	0.782108
0.214094	0.812443
0.221875	0.842777
0.229656	0.873173
0.237437	0.895939
0.245219	0.926273
