Sine Voltage [V]	Amplifed Voltage [V]
0.004000	0.00378419
0.011781	0.0114136
0.019563	0.0190431
0.027344	0.0247804
0.035125	0.0324709
0.042906	0.0401003
0.050688	0.0477908
0.058469	0.0554202
0.066250	0.0630498
0.074031	0.0706792
0.081812	0.0783086
0.089594	0.085938
0.097375	0.0916753
0.105156	0.0993657
0.112937	0.106995
0.120719	0.114686
0.128500	0.122376
0.136281	0.130006
0.144063	0.137635
0.151844	0.145326
0.159625	0.152955
0.167406	0.158692
0.175187	0.166322
0.182969	0.173951
0.190750	0.181642
0.198531	0.189271
0.206313	0.1969
0.214094	0.204591
0.221875	0.21222
0.229656	0.21985
0.237437	0.225587
0.245219	0.233216
0.253000	0.240846
0.260781	0.248536
0.268562	0.256166
0.276344	0.263857
0.284125	0.271486
0.291906	0.279116
0.299687	0.286745
0.307469	0.292482
0.315250	0.300112
0.323031	0.307741
0.330813	0.315432
0.338594	0.323061
0.346375	0.33069
0.354156	0.33832
0.361938	0.34601
0.369719	0.35364
0.377500	0.361269
0.385281	0.367006
0.393062	0.374636
0.400844	0.382265
0.408625	0.389894
0.416406	0.397585
0.424187	0.405214
0.431969	0.412844
0.439750	0.420473
0.447531	0.428102
0.455313	0.433901
0.463094	0.44153
0.470875	0.44916
0.478656	0.456789
0.486438	0.464479
0.494219	0.472109
0.502000	0.479738
0.509781	0.487368
0.517563	0.494997
0.525344	0.500736
0.533125	0.508366
0.540906	0.515995
0.548687	0.523685
0.556469	0.531376
0.564250	0.539005
0.572031	0.546574
0.579812	0.554264
0.587594	0.561893
0.595375	0.56757
0.603156	0.575199
0.610938	0.582829
0.618719	0.590519
0.626500	0.598209
0.634281	0.605839
0.642062	0.613468
0.649844	0.621098
0.657625	0.628788
0.665406	0.634464
0.673188	0.642094
0.680969	0.649723
0.688750	0.657352
0.696531	0.665043
0.704313	0.672733
0.712094	0.680363
0.719875	0.688053
0.727656	0.695683
0.735437	0.701359
0.743219	0.708988
0.751000	0.716618
0.758781	0.724308
0.766563	0.731876
0.774344	0.739506
0.782125	0.747196
0.789906	0.754826
0.797687	0.762455
0.805469	0.768192
0.813250	0.775822
0.821031	0.783451
0.828812	0.79108
0.836594	0.79871
0.844375	0.806278
0.852156	0.813969
0.859938	0.821598
0.867719	0.82935
0.875500	0.836979
0.883281	0.842655
0.891062	0.850285
0.898844	0.857914
0.906625	0.865543
0.914406	0.873234
0.922188	0.880863
0.929969	0.888493
0.937750	0.896122
0.945531	0.903873
0.953313	0.90955
0.961094	0.91724
0.968875	0.924931
0.976656	0.932499
0.984437	0.940128
0.992219	0.947758
1.000000	0.955448
0.992157	0.947758
0.984315	0.940128
0.976472	0.932499
0.968630	0.92487
0.960787	0.91724
0.952945	0.90955
0.945102	0.90192
0.937260	0.894169
0.929417	0.886539
0.921575	0.880802
0.913732	0.873173
0.905890	0.865543
0.898047	0.857914
0.890205	0.850285
0.882362	0.842655
0.874520	0.835026
0.866677	0.827396
0.858835	0.819645
0.850992	0.812016
0.843150	0.804325
0.835307	0.796757
0.827465	0.789127
0.819622	0.78339
0.811780	0.775761
0.803937	0.768131
0.796094	0.760502
0.788252	0.752872
0.780409	0.745182
0.772567	0.737553
0.764724	0.729923
0.756882	0.722355
0.749039	0.714664
0.741197	0.707035
0.733354	0.699406
0.725512	0.693668
0.717669	0.6861
0.709827	0.67841
0.701984	0.67078
0.694142	0.66309
0.686299	0.655399
0.678457	0.647831
0.670614	0.640141
0.662772	0.632511
0.654929	0.624882
0.647087	0.617252
0.639244	0.609562
0.631402	0.601933
0.623559	0.596195
0.615717	0.588566
0.607874	0.580875
0.600031	0.573307
0.592189	0.565617
0.584346	0.557987
0.576504	0.550358
0.568661	0.542728
0.560819	0.535099
0.552976	0.52747
0.545134	0.51984
0.537291	0.51215
0.529449	0.504459
0.521606	0.498781
0.513764	0.491152
0.505921	0.483461
0.498079	0.475832
0.490236	0.468203
0.482394	0.460573
0.474551	0.452944
0.466709	0.445314
0.458866	0.437624
0.451024	0.429995
0.443181	0.422365
0.435339	0.414736
0.427496	0.407106
0.419654	0.401369
0.411811	0.393679
0.403969	0.386049
0.396126	0.37842
0.388283	0.37079
0.380441	0.3631
0.372598	0.355471
0.364756	0.347841
0.356913	0.340212
0.349071	0.332521
0.341228	0.324892
0.333386	0.317263
0.325543	0.311525
0.317701	0.303896
0.309858	0.296206
0.302016	0.288637
0.294173	0.280947
0.286331	0.273317
0.278488	0.265688
0.270646	0.257998
0.262803	0.250368
0.254961	0.242738
0.247118	0.235108
0.239276	0.227418
0.231433	0.219789
0.223591	0.214051
0.215748	0.206422
0.207906	0.198792
0.200063	0.191163
0.192220	0.183473
0.184378	0.175843
0.176535	0.168214
0.168693	0.160584
0.160850	0.152955
0.153008	0.145265
0.145165	0.137635
0.137323	0.130006
0.129480	0.122315
0.121638	0.116578
0.113795	0.108887
0.105953	0.101258
0.098110	0.0936284
0.090268	0.085938
0.082425	0.0783086
0.074583	0.0706792
0.066740	0.0630498
0.058898	0.0553591
0.051055	0.0477297
0.043213	0.0401003
0.035370	0.0324709
0.027528	0.0266725
0.019685	0.0190431
0.011843	0.0114136
0.004000	0.00378419
