Xpositon	Ypositon	Counts
0.200000	-0.200000	3810.000000000
0.189744	-0.200000	3660.000000000
0.179487	-0.200000	3540.000000000
0.169231	-0.200000	3630.000000000
0.158974	-0.200000	3200.000000000
0.148718	-0.200000	3800.000000000
0.138462	-0.200000	3450.000000000
0.128205	-0.200000	3300.000000000
0.117949	-0.200000	3350.000000000
0.107692	-0.200000	2900.000000000
0.097436	-0.200000	3020.000000000
0.087179	-0.200000	3270.000000000
0.076923	-0.200000	2640.000000000
0.066667	-0.200000	2520.000000000
0.056410	-0.200000	3460.000000000
0.046154	-0.200000	2900.000000000
0.035897	-0.200000	2850.000000000
0.025641	-0.200000	2700.000000000
0.015385	-0.200000	2670.000000000
0.005128	-0.200000	2580.000000000
-0.005128	-0.200000	2720.000000000
-0.015385	-0.200000	2980.000000000
-0.025641	-0.200000	2890.000000000
-0.035897	-0.200000	2360.000000000
-0.046154	-0.200000	2850.000000000
-0.056410	-0.200000	3120.000000000
-0.066667	-0.200000	2880.000000000
-0.076923	-0.200000	2670.000000000
-0.087179	-0.200000	2700.000000000
-0.097436	-0.200000	2840.000000000
-0.107692	-0.200000	2990.000000000
-0.117949	-0.200000	3240.000000000
-0.128205	-0.200000	3580.000000000
-0.138462	-0.200000	3890.000000000
-0.148718	-0.200000	3900.000000000
-0.158974	-0.200000	4230.000000000
-0.169231	-0.200000	4690.000000000
-0.179487	-0.200000	5240.000000000
-0.189744	-0.200000	5460.000000000
-0.200000	-0.200000	5280.000000000
0.200000	-0.189744	2650.000000000
0.189744	-0.189744	3050.000000000
0.179487	-0.189744	3020.000000000
0.169231	-0.189744	3290.000000000
0.158974	-0.189744	2890.000000000
0.148718	-0.189744	2700.000000000
0.138462	-0.189744	2290.000000000
0.128205	-0.189744	2630.000000000
0.117949	-0.189744	2900.000000000
0.107692	-0.189744	2590.000000000
0.097436	-0.189744	3270.000000000
0.087179	-0.189744	2670.000000000
0.076923	-0.189744	2710.000000000
0.066667	-0.189744	2530.000000000
0.056410	-0.189744	2740.000000000
0.046154	-0.189744	2810.000000000
0.035897	-0.189744	2310.000000000
0.025641	-0.189744	3110.000000000
0.015385	-0.189744	2850.000000000
0.005128	-0.189744	2830.000000000
-0.005128	-0.189744	2870.000000000
-0.015385	-0.189744	2480.000000000
-0.025641	-0.189744	3050.000000000
-0.035897	-0.189744	2620.000000000
-0.046154	-0.189744	2870.000000000
-0.056410	-0.189744	3340.000000000
-0.066667	-0.189744	3070.000000000
-0.076923	-0.189744	3470.000000000
-0.087179	-0.189744	3700.000000000
-0.097436	-0.189744	3950.000000000
-0.107692	-0.189744	4470.000000000
-0.117949	-0.189744	4370.000000000
-0.128205	-0.189744	4740.000000000
-0.138462	-0.189744	5790.000000000
-0.148718	-0.189744	6410.000000000
-0.158974	-0.189744	6610.000000000
-0.169231	-0.189744	7280.000000000
-0.179487	-0.189744	6880.000000000
-0.189744	-0.189744	7170.000000000
-0.200000	-0.189744	7030.000000000
0.200000	-0.179487	2940.000000000
0.189744	-0.179487	2770.000000000
0.179487	-0.179487	2540.000000000
0.169231	-0.179487	2890.000000000
0.158974	-0.179487	2720.000000000
0.148718	-0.179487	2520.000000000
0.138462	-0.179487	2470.000000000
0.128205	-0.179487	2470.000000000
0.117949	-0.179487	2540.000000000
0.107692	-0.179487	2160.000000000
0.097436	-0.179487	2470.000000000
0.087179	-0.179487	2570.000000000
0.076923	-0.179487	2610.000000000
0.066667	-0.179487	2990.000000000
0.056410	-0.179487	2790.000000000
0.046154	-0.179487	2850.000000000
0.035897	-0.179487	2910.000000000
0.025641	-0.179487	2640.000000000
0.015385	-0.179487	3530.000000000
0.005128	-0.179487	3020.000000000
-0.005128	-0.179487	2970.000000000
-0.015385	-0.179487	3380.000000000
-0.025641	-0.179487	3510.000000000
-0.035897	-0.179487	4140.000000000
-0.046154	-0.179487	3530.000000000
-0.056410	-0.179487	4150.000000000
-0.066667	-0.179487	4900.000000000
-0.076923	-0.179487	5320.000000000
-0.087179	-0.179487	5660.000000000
-0.097436	-0.179487	6820.000000000
-0.107692	-0.179487	6140.000000000
-0.117949	-0.179487	7030.000000000
-0.128205	-0.179487	7220.000000000
-0.138462	-0.179487	7410.000000000
-0.148718	-0.179487	8180.000000000
-0.158974	-0.179487	7840.000000000
-0.169231	-0.179487	8290.000000000
-0.179487	-0.179487	8240.000000000
-0.189744	-0.179487	8260.000000000
-0.200000	-0.179487	8190.000000000
0.200000	-0.169231	2210.000000000
0.189744	-0.169231	2000.000000000
0.179487	-0.169231	2210.000000000
0.169231	-0.169231	2860.000000000
0.158974	-0.169231	2790.000000000
0.148718	-0.169231	2610.000000000
0.138462	-0.169231	2200.000000000
0.128205	-0.169231	2210.000000000
0.117949	-0.169231	2700.000000000
0.107692	-0.169231	2790.000000000
0.097436	-0.169231	2790.000000000
0.087179	-0.169231	2860.000000000
0.076923	-0.169231	2730.000000000
0.066667	-0.169231	2880.000000000
0.056410	-0.169231	2910.000000000
0.046154	-0.169231	3500.000000000
0.035897	-0.169231	3020.000000000
0.025641	-0.169231	3800.000000000
0.015385	-0.169231	4020.000000000
0.005128	-0.169231	3790.000000000
-0.005128	-0.169231	4780.000000000
-0.015385	-0.169231	4490.000000000
-0.025641	-0.169231	6230.000000000
-0.035897	-0.169231	6140.000000000
-0.046154	-0.169231	5720.000000000
-0.056410	-0.169231	6580.000000000
-0.066667	-0.169231	8030.000000000
-0.076923	-0.169231	9120.000000000
-0.087179	-0.169231	8840.000000000
-0.097436	-0.169231	9280.000000000
-0.107692	-0.169231	9000.000000000
-0.117949	-0.169231	9880.000000000
-0.128205	-0.169231	9040.000000000
-0.138462	-0.169231	8660.000000000
-0.148718	-0.169231	8460.000000000
-0.158974	-0.169231	9100.000000000
-0.169231	-0.169231	8350.000000000
-0.179487	-0.169231	7740.000000000
-0.189744	-0.169231	7420.000000000
-0.200000	-0.169231	6760.000000000
0.200000	-0.158974	2400.000000000
0.189744	-0.158974	2590.000000000
0.179487	-0.158974	2250.000000000
0.169231	-0.158974	2690.000000000
0.158974	-0.158974	3060.000000000
0.148718	-0.158974	2360.000000000
0.138462	-0.158974	2940.000000000
0.128205	-0.158974	2810.000000000
0.117949	-0.158974	2600.000000000
0.107692	-0.158974	2670.000000000
0.097436	-0.158974	3310.000000000
0.087179	-0.158974	3030.000000000
0.076923	-0.158974	3940.000000000
0.066667	-0.158974	3530.000000000
0.056410	-0.158974	4050.000000000
0.046154	-0.158974	4240.000000000
0.035897	-0.158974	4880.000000000
0.025641	-0.158974	6370.000000000
0.015385	-0.158974	7020.000000000
0.005128	-0.158974	7060.000000000
-0.005128	-0.158974	8270.000000000
-0.015385	-0.158974	8600.000000000
-0.025641	-0.158974	10790.000000000
-0.035897	-0.158974	8960.000000000
-0.046154	-0.158974	9710.000000000
-0.056410	-0.158974	9830.000000000
-0.066667	-0.158974	9290.000000000
-0.076923	-0.158974	10500.000000000
-0.087179	-0.158974	9750.000000000
-0.097436	-0.158974	9450.000000000
-0.107692	-0.158974	10420.000000000
-0.117949	-0.158974	9750.000000000
-0.128205	-0.158974	8870.000000000
-0.138462	-0.158974	8470.000000000
-0.148718	-0.158974	7410.000000000
-0.158974	-0.158974	6820.000000000
-0.169231	-0.158974	6280.000000000
-0.179487	-0.158974	5440.000000000
-0.189744	-0.158974	4860.000000000
-0.200000	-0.158974	4580.000000000
0.200000	-0.148718	2830.000000000
0.189744	-0.148718	2460.000000000
0.179487	-0.148718	3250.000000000
0.169231	-0.148718	3360.000000000
0.158974	-0.148718	2980.000000000
0.148718	-0.148718	3080.000000000
0.138462	-0.148718	3480.000000000
0.128205	-0.148718	3660.000000000
0.117949	-0.148718	4090.000000000
0.107692	-0.148718	4690.000000000
0.097436	-0.148718	4850.000000000
0.087179	-0.148718	4920.000000000
0.076923	-0.148718	5820.000000000
0.066667	-0.148718	6700.000000000
0.056410	-0.148718	8190.000000000
0.046154	-0.148718	9160.000000000
0.035897	-0.148718	10240.000000000
0.025641	-0.148718	11400.000000000
0.015385	-0.148718	11210.000000000
0.005128	-0.148718	11020.000000000
-0.005128	-0.148718	11310.000000000
-0.015385	-0.148718	11520.000000000
-0.025641	-0.148718	10700.000000000
-0.035897	-0.148718	10810.000000000
-0.046154	-0.148718	11190.000000000
-0.056410	-0.148718	9990.000000000
-0.066667	-0.148718	9400.000000000
-0.076923	-0.148718	9920.000000000
-0.087179	-0.148718	9140.000000000
-0.097436	-0.148718	7700.000000000
-0.107692	-0.148718	7820.000000000
-0.117949	-0.148718	6640.000000000
-0.128205	-0.148718	5720.000000000
-0.138462	-0.148718	5160.000000000
-0.148718	-0.148718	4740.000000000
-0.158974	-0.148718	4860.000000000
-0.169231	-0.148718	3850.000000000
-0.179487	-0.148718	3810.000000000
-0.189744	-0.148718	3130.000000000
-0.200000	-0.148718	3550.000000000
0.200000	-0.138462	3230.000000000
0.189744	-0.138462	3110.000000000
0.179487	-0.138462	3580.000000000
0.169231	-0.138462	4600.000000000
0.158974	-0.138462	4350.000000000
0.148718	-0.138462	4670.000000000
0.138462	-0.138462	6240.000000000
0.128205	-0.138462	6860.000000000
0.117949	-0.138462	7760.000000000
0.107692	-0.138462	8710.000000000
0.097436	-0.138462	9460.000000000
0.087179	-0.138462	8760.000000000
0.076923	-0.138462	8380.000000000
0.066667	-0.138462	8640.000000000
0.056410	-0.138462	11200.000000000
0.046154	-0.138462	11730.000000000
0.035897	-0.138462	12020.000000000
0.025641	-0.138462	12210.000000000
0.015385	-0.138462	11020.000000000
0.005128	-0.138462	10410.000000000
-0.005128	-0.138462	9930.000000000
-0.015385	-0.138462	9800.000000000
-0.025641	-0.138462	9310.000000000
-0.035897	-0.138462	8550.000000000
-0.046154	-0.138462	8440.000000000
-0.056410	-0.138462	7220.000000000
-0.066667	-0.138462	6700.000000000
-0.076923	-0.138462	6370.000000000
-0.087179	-0.138462	5480.000000000
-0.097436	-0.138462	5080.000000000
-0.107692	-0.138462	4830.000000000
-0.117949	-0.138462	4400.000000000
-0.128205	-0.138462	3750.000000000
-0.138462	-0.138462	3290.000000000
-0.148718	-0.138462	2810.000000000
-0.158974	-0.138462	2740.000000000
-0.169231	-0.138462	2600.000000000
-0.179487	-0.138462	2330.000000000
-0.189744	-0.138462	1970.000000000
-0.200000	-0.138462	1860.000000000
0.200000	-0.128205	4680.000000000
0.189744	-0.128205	6560.000000000
0.179487	-0.128205	7590.000000000
0.169231	-0.128205	7110.000000000
0.158974	-0.128205	9330.000000000
0.148718	-0.128205	10060.000000000
0.138462	-0.128205	11120.000000000
0.128205	-0.128205	12860.000000000
0.117949	-0.128205	13090.000000000
0.107692	-0.128205	12210.000000000
0.097436	-0.128205	11310.000000000
0.087179	-0.128205	10050.000000000
0.076923	-0.128205	8660.000000000
0.066667	-0.128205	9590.000000000
0.056410	-0.128205	9850.000000000
0.046154	-0.128205	10250.000000000
0.035897	-0.128205	8450.000000000
0.025641	-0.128205	8480.000000000
0.015385	-0.128205	7730.000000000
0.005128	-0.128205	7510.000000000
-0.005128	-0.128205	6870.000000000
-0.015385	-0.128205	5930.000000000
-0.025641	-0.128205	5280.000000000
-0.035897	-0.128205	4640.000000000
-0.046154	-0.128205	4460.000000000
-0.056410	-0.128205	4370.000000000
-0.066667	-0.128205	3820.000000000
-0.076923	-0.128205	3510.000000000
-0.087179	-0.128205	2950.000000000
-0.097436	-0.128205	2500.000000000
-0.107692	-0.128205	2470.000000000
-0.117949	-0.128205	2940.000000000
-0.128205	-0.128205	2560.000000000
-0.138462	-0.128205	2250.000000000
-0.148718	-0.128205	2460.000000000
-0.158974	-0.128205	2310.000000000
-0.169231	-0.128205	2010.000000000
-0.179487	-0.128205	1990.000000000
-0.189744	-0.128205	2140.000000000
-0.200000	-0.128205	1650.000000000
0.200000	-0.117949	10980.000000000
0.189744	-0.117949	10290.000000000
0.179487	-0.117949	12210.000000000
0.169231	-0.117949	11950.000000000
0.158974	-0.117949	12670.000000000
0.148718	-0.117949	13170.000000000
0.138462	-0.117949	12030.000000000
0.128205	-0.117949	11840.000000000
0.117949	-0.117949	11110.000000000
0.107692	-0.117949	9110.000000000
0.097436	-0.117949	8440.000000000
0.087179	-0.117949	7270.000000000
0.076923	-0.117949	6620.000000000
0.066667	-0.117949	6700.000000000
0.056410	-0.117949	6540.000000000
0.046154	-0.117949	5680.000000000
0.035897	-0.117949	5000.000000000
0.025641	-0.117949	4610.000000000
0.015385	-0.117949	3730.000000000
0.005128	-0.117949	4370.000000000
-0.005128	-0.117949	4150.000000000
-0.015385	-0.117949	3470.000000000
-0.025641	-0.117949	2800.000000000
-0.035897	-0.117949	2840.000000000
-0.046154	-0.117949	2720.000000000
-0.056410	-0.117949	2450.000000000
-0.066667	-0.117949	2310.000000000
-0.076923	-0.117949	2280.000000000
-0.087179	-0.117949	1980.000000000
-0.097436	-0.117949	2530.000000000
-0.107692	-0.117949	2020.000000000
-0.117949	-0.117949	2160.000000000
-0.128205	-0.117949	2570.000000000
-0.138462	-0.117949	1880.000000000
-0.148718	-0.117949	1860.000000000
-0.158974	-0.117949	1690.000000000
-0.169231	-0.117949	1570.000000000
-0.179487	-0.117949	1690.000000000
-0.189744	-0.117949	1990.000000000
-0.200000	-0.117949	1660.000000000
0.200000	-0.107692	12350.000000000
0.189744	-0.107692	11040.000000000
0.179487	-0.107692	11070.000000000
0.169231	-0.107692	9780.000000000
0.158974	-0.107692	8460.000000000
0.148718	-0.107692	8010.000000000
0.138462	-0.107692	7170.000000000
0.128205	-0.107692	6740.000000000
0.117949	-0.107692	6090.000000000
0.107692	-0.107692	5770.000000000
0.097436	-0.107692	4920.000000000
0.087179	-0.107692	4800.000000000
0.076923	-0.107692	3890.000000000
0.066667	-0.107692	3530.000000000
0.056410	-0.107692	2890.000000000
0.046154	-0.107692	2910.000000000
0.035897	-0.107692	2590.000000000
0.025641	-0.107692	2830.000000000
0.015385	-0.107692	2500.000000000
0.005128	-0.107692	2260.000000000
-0.005128	-0.107692	2180.000000000
-0.015385	-0.107692	2460.000000000
-0.025641	-0.107692	2030.000000000
-0.035897	-0.107692	2400.000000000
-0.046154	-0.107692	2010.000000000
-0.056410	-0.107692	1970.000000000
-0.066667	-0.107692	1980.000000000
-0.076923	-0.107692	1750.000000000
-0.087179	-0.107692	1840.000000000
-0.097436	-0.107692	1730.000000000
-0.107692	-0.107692	1710.000000000
-0.117949	-0.107692	1760.000000000
-0.128205	-0.107692	1900.000000000
-0.138462	-0.107692	1770.000000000
-0.148718	-0.107692	1890.000000000
-0.158974	-0.107692	1580.000000000
-0.169231	-0.107692	1660.000000000
-0.179487	-0.107692	1320.000000000
-0.189744	-0.107692	1670.000000000
-0.200000	-0.107692	1570.000000000
0.200000	-0.097436	7720.000000000
0.189744	-0.097436	6240.000000000
0.179487	-0.097436	6000.000000000
0.169231	-0.097436	5100.000000000
0.158974	-0.097436	4280.000000000
0.148718	-0.097436	4650.000000000
0.138462	-0.097436	3480.000000000
0.128205	-0.097436	3790.000000000
0.117949	-0.097436	3380.000000000
0.107692	-0.097436	3330.000000000
0.097436	-0.097436	3020.000000000
0.087179	-0.097436	3000.000000000
0.076923	-0.097436	2500.000000000
0.066667	-0.097436	2490.000000000
0.056410	-0.097436	2420.000000000
0.046154	-0.097436	1970.000000000
0.035897	-0.097436	1960.000000000
0.025641	-0.097436	1870.000000000
0.015385	-0.097436	2440.000000000
0.005128	-0.097436	1800.000000000
-0.005128	-0.097436	2380.000000000
-0.015385	-0.097436	2070.000000000
-0.025641	-0.097436	2020.000000000
-0.035897	-0.097436	1750.000000000
-0.046154	-0.097436	1950.000000000
-0.056410	-0.097436	1860.000000000
-0.066667	-0.097436	1720.000000000
-0.076923	-0.097436	1720.000000000
-0.087179	-0.097436	2010.000000000
-0.097436	-0.097436	1650.000000000
-0.107692	-0.097436	1860.000000000
-0.117949	-0.097436	2040.000000000
-0.128205	-0.097436	1600.000000000
-0.138462	-0.097436	2050.000000000
-0.148718	-0.097436	1600.000000000
-0.158974	-0.097436	1540.000000000
-0.169231	-0.097436	1760.000000000
-0.179487	-0.097436	1480.000000000
-0.189744	-0.097436	1500.000000000
-0.200000	-0.097436	1840.000000000
0.200000	-0.087179	3820.000000000
0.189744	-0.087179	3880.000000000
0.179487	-0.087179	2960.000000000
0.169231	-0.087179	3420.000000000
0.158974	-0.087179	2830.000000000
0.148718	-0.087179	2680.000000000
0.138462	-0.087179	2660.000000000
0.128205	-0.087179	2350.000000000
0.117949	-0.087179	2040.000000000
0.107692	-0.087179	2510.000000000
0.097436	-0.087179	2390.000000000
0.087179	-0.087179	2250.000000000
0.076923	-0.087179	2270.000000000
0.066667	-0.087179	1950.000000000
0.056410	-0.087179	1890.000000000
0.046154	-0.087179	2140.000000000
0.035897	-0.087179	2040.000000000
0.025641	-0.087179	1900.000000000
0.015385	-0.087179	1630.000000000
0.005128	-0.087179	1760.000000000
-0.005128	-0.087179	1940.000000000
-0.015385	-0.087179	2000.000000000
-0.025641	-0.087179	1960.000000000
-0.035897	-0.087179	1800.000000000
-0.046154	-0.087179	1720.000000000
-0.056410	-0.087179	1670.000000000
-0.066667	-0.087179	1760.000000000
-0.076923	-0.087179	1580.000000000
-0.087179	-0.087179	1620.000000000
-0.097436	-0.087179	2150.000000000
-0.107692	-0.087179	1720.000000000
-0.117949	-0.087179	2020.000000000
-0.128205	-0.087179	1990.000000000
-0.138462	-0.087179	1880.000000000
-0.148718	-0.087179	1710.000000000
-0.158974	-0.087179	1410.000000000
-0.169231	-0.087179	1600.000000000
-0.179487	-0.087179	1730.000000000
-0.189744	-0.087179	1770.000000000
-0.200000	-0.087179	1590.000000000
0.200000	-0.076923	2250.000000000
0.189744	-0.076923	2490.000000000
0.179487	-0.076923	2020.000000000
0.169231	-0.076923	2360.000000000
0.158974	-0.076923	2130.000000000
0.148718	-0.076923	2040.000000000
0.138462	-0.076923	2220.000000000
0.128205	-0.076923	1910.000000000
0.117949	-0.076923	2110.000000000
0.107692	-0.076923	2090.000000000
0.097436	-0.076923	2260.000000000
0.087179	-0.076923	2180.000000000
0.076923	-0.076923	1930.000000000
0.066667	-0.076923	1960.000000000
0.056410	-0.076923	1620.000000000
0.046154	-0.076923	2130.000000000
0.035897	-0.076923	1640.000000000
0.025641	-0.076923	1840.000000000
0.015385	-0.076923	2150.000000000
0.005128	-0.076923	2100.000000000
-0.005128	-0.076923	2120.000000000
-0.015385	-0.076923	1460.000000000
-0.025641	-0.076923	1710.000000000
-0.035897	-0.076923	1640.000000000
-0.046154	-0.076923	1890.000000000
-0.056410	-0.076923	1870.000000000
-0.066667	-0.076923	1740.000000000
-0.076923	-0.076923	2120.000000000
-0.087179	-0.076923	1950.000000000
-0.097436	-0.076923	2000.000000000
-0.107692	-0.076923	1970.000000000
-0.117949	-0.076923	2140.000000000
-0.128205	-0.076923	1530.000000000
-0.138462	-0.076923	1510.000000000
-0.148718	-0.076923	1880.000000000
-0.158974	-0.076923	1700.000000000
-0.169231	-0.076923	1760.000000000
-0.179487	-0.076923	1430.000000000
-0.189744	-0.076923	1390.000000000
-0.200000	-0.076923	1470.000000000
0.200000	-0.066667	2250.000000000
0.189744	-0.066667	2170.000000000
0.179487	-0.066667	2780.000000000
0.169231	-0.066667	1830.000000000
0.158974	-0.066667	2150.000000000
0.148718	-0.066667	2490.000000000
0.138462	-0.066667	2390.000000000
0.128205	-0.066667	2400.000000000
0.117949	-0.066667	1810.000000000
0.107692	-0.066667	1890.000000000
0.097436	-0.066667	2130.000000000
0.087179	-0.066667	2230.000000000
0.076923	-0.066667	2420.000000000
0.066667	-0.066667	2240.000000000
0.056410	-0.066667	1910.000000000
0.046154	-0.066667	2140.000000000
0.035897	-0.066667	2220.000000000
0.025641	-0.066667	2200.000000000
0.015385	-0.066667	2010.000000000
0.005128	-0.066667	2020.000000000
-0.005128	-0.066667	2260.000000000
-0.015385	-0.066667	1750.000000000
-0.025641	-0.066667	1830.000000000
-0.035897	-0.066667	2050.000000000
-0.046154	-0.066667	1740.000000000
-0.056410	-0.066667	1790.000000000
-0.066667	-0.066667	1720.000000000
-0.076923	-0.066667	2150.000000000
-0.087179	-0.066667	2130.000000000
-0.097436	-0.066667	1860.000000000
-0.107692	-0.066667	1800.000000000
-0.117949	-0.066667	2100.000000000
-0.128205	-0.066667	2070.000000000
-0.138462	-0.066667	1900.000000000
-0.148718	-0.066667	1640.000000000
-0.158974	-0.066667	1640.000000000
-0.169231	-0.066667	1860.000000000
-0.179487	-0.066667	1760.000000000
-0.189744	-0.066667	1880.000000000
-0.200000	-0.066667	1780.000000000
0.200000	-0.056410	2040.000000000
0.189744	-0.056410	1920.000000000
0.179487	-0.056410	2120.000000000
0.169231	-0.056410	2100.000000000
0.158974	-0.056410	2300.000000000
0.148718	-0.056410	2170.000000000
0.138462	-0.056410	1920.000000000
0.128205	-0.056410	2340.000000000
0.117949	-0.056410	2450.000000000
0.107692	-0.056410	2180.000000000
0.097436	-0.056410	2390.000000000
0.087179	-0.056410	2150.000000000
0.076923	-0.056410	2160.000000000
0.066667	-0.056410	1760.000000000
0.056410	-0.056410	2650.000000000
0.046154	-0.056410	2420.000000000
0.035897	-0.056410	2240.000000000
0.025641	-0.056410	2350.000000000
0.015385	-0.056410	2210.000000000
0.005128	-0.056410	1760.000000000
-0.005128	-0.056410	1790.000000000
-0.015385	-0.056410	2040.000000000
-0.025641	-0.056410	1930.000000000
-0.035897	-0.056410	2220.000000000
-0.046154	-0.056410	1810.000000000
-0.056410	-0.056410	2030.000000000
-0.066667	-0.056410	2270.000000000
-0.076923	-0.056410	2280.000000000
-0.087179	-0.056410	2110.000000000
-0.097436	-0.056410	2240.000000000
-0.107692	-0.056410	1770.000000000
-0.117949	-0.056410	2250.000000000
-0.128205	-0.056410	2010.000000000
-0.138462	-0.056410	2050.000000000
-0.148718	-0.056410	1900.000000000
-0.158974	-0.056410	1800.000000000
-0.169231	-0.056410	2290.000000000
-0.179487	-0.056410	2160.000000000
-0.189744	-0.056410	2200.000000000
-0.200000	-0.056410	1750.000000000
0.200000	-0.046154	2340.000000000
0.189744	-0.046154	2320.000000000
0.179487	-0.046154	1930.000000000
0.169231	-0.046154	2380.000000000
0.158974	-0.046154	2970.000000000
0.148718	-0.046154	2640.000000000
0.138462	-0.046154	2630.000000000
0.128205	-0.046154	2770.000000000
0.117949	-0.046154	2860.000000000
0.107692	-0.046154	2500.000000000
0.097436	-0.046154	2320.000000000
0.087179	-0.046154	2760.000000000
0.076923	-0.046154	2700.000000000
0.066667	-0.046154	2650.000000000
0.056410	-0.046154	2460.000000000
0.046154	-0.046154	2360.000000000
0.035897	-0.046154	2450.000000000
0.025641	-0.046154	2280.000000000
0.015385	-0.046154	2450.000000000
0.005128	-0.046154	3230.000000000
-0.005128	-0.046154	2750.000000000
-0.015385	-0.046154	2520.000000000
-0.025641	-0.046154	2400.000000000
-0.035897	-0.046154	2180.000000000
-0.046154	-0.046154	2450.000000000
-0.056410	-0.046154	2500.000000000
-0.066667	-0.046154	2600.000000000
-0.076923	-0.046154	2340.000000000
-0.087179	-0.046154	2480.000000000
-0.097436	-0.046154	2430.000000000
-0.107692	-0.046154	2390.000000000
-0.117949	-0.046154	2800.000000000
-0.128205	-0.046154	2560.000000000
-0.138462	-0.046154	2510.000000000
-0.148718	-0.046154	2690.000000000
-0.158974	-0.046154	2650.000000000
-0.169231	-0.046154	2510.000000000
-0.179487	-0.046154	2550.000000000
-0.189744	-0.046154	2730.000000000
-0.200000	-0.046154	2760.000000000
0.200000	-0.035897	3070.000000000
0.189744	-0.035897	3250.000000000
0.179487	-0.035897	3070.000000000
0.169231	-0.035897	3220.000000000
0.158974	-0.035897	3540.000000000
0.148718	-0.035897	3210.000000000
0.138462	-0.035897	3910.000000000
0.128205	-0.035897	3500.000000000
0.117949	-0.035897	3570.000000000
0.107692	-0.035897	3610.000000000
0.097436	-0.035897	3270.000000000
0.087179	-0.035897	3660.000000000
0.076923	-0.035897	4320.000000000
0.066667	-0.035897	4050.000000000
0.056410	-0.035897	4190.000000000
0.046154	-0.035897	3750.000000000
0.035897	-0.035897	3850.000000000
0.025641	-0.035897	4280.000000000
0.015385	-0.035897	3560.000000000
0.005128	-0.035897	4140.000000000
-0.005128	-0.035897	3570.000000000
-0.015385	-0.035897	3640.000000000
-0.025641	-0.035897	4190.000000000
-0.035897	-0.035897	3940.000000000
-0.046154	-0.035897	4150.000000000
-0.056410	-0.035897	4180.000000000
-0.066667	-0.035897	4230.000000000
-0.076923	-0.035897	3940.000000000
-0.087179	-0.035897	4340.000000000
-0.097436	-0.035897	4280.000000000
-0.107692	-0.035897	4400.000000000
-0.117949	-0.035897	3940.000000000
-0.128205	-0.035897	3970.000000000
-0.138462	-0.035897	3750.000000000
-0.148718	-0.035897	4960.000000000
-0.158974	-0.035897	4600.000000000
-0.169231	-0.035897	5100.000000000
-0.179487	-0.035897	5770.000000000
-0.189744	-0.035897	6010.000000000
-0.200000	-0.035897	6340.000000000
0.200000	-0.025641	4900.000000000
0.189744	-0.025641	5700.000000000
0.179487	-0.025641	5480.000000000
0.169231	-0.025641	8840.000000000
0.158974	-0.025641	7780.000000000
0.148718	-0.025641	8270.000000000
0.138462	-0.025641	7410.000000000
0.128205	-0.025641	9140.000000000
0.117949	-0.025641	8960.000000000
0.107692	-0.025641	9370.000000000
0.097436	-0.025641	8590.000000000
0.087179	-0.025641	8620.000000000
0.076923	-0.025641	9540.000000000
0.066667	-0.025641	10310.000000000
0.056410	-0.025641	9330.000000000
0.046154	-0.025641	9640.000000000
0.035897	-0.025641	9600.000000000
0.025641	-0.025641	8910.000000000
0.015385	-0.025641	9980.000000000
0.005128	-0.025641	9820.000000000
-0.005128	-0.025641	8860.000000000
-0.015385	-0.025641	9870.000000000
-0.025641	-0.025641	8400.000000000
-0.035897	-0.025641	8010.000000000
-0.046154	-0.025641	9500.000000000
-0.056410	-0.025641	9530.000000000
-0.066667	-0.025641	10470.000000000
-0.076923	-0.025641	10590.000000000
-0.087179	-0.025641	10230.000000000
-0.097436	-0.025641	9720.000000000
-0.107692	-0.025641	11100.000000000
-0.117949	-0.025641	10900.000000000
-0.128205	-0.025641	10820.000000000
-0.138462	-0.025641	10720.000000000
-0.148718	-0.025641	9030.000000000
-0.158974	-0.025641	9140.000000000
-0.169231	-0.025641	7700.000000000
-0.179487	-0.025641	8050.000000000
-0.189744	-0.025641	9700.000000000
-0.200000	-0.025641	9270.000000000
0.200000	-0.015385	13620.000000000
0.189744	-0.015385	13710.000000000
0.179487	-0.015385	11830.000000000
0.169231	-0.015385	13590.000000000
0.158974	-0.015385	13690.000000000
0.148718	-0.015385	13230.000000000
0.138462	-0.015385	13320.000000000
0.128205	-0.015385	12680.000000000
0.117949	-0.015385	13540.000000000
0.107692	-0.015385	14210.000000000
0.097436	-0.015385	13700.000000000
0.087179	-0.015385	14520.000000000
0.076923	-0.015385	13610.000000000
0.066667	-0.015385	15220.000000000
0.056410	-0.015385	15180.000000000
0.046154	-0.015385	14480.000000000
0.035897	-0.015385	14420.000000000
0.025641	-0.015385	14420.000000000
0.015385	-0.015385	13910.000000000
0.005128	-0.015385	13920.000000000
-0.005128	-0.015385	13610.000000000
-0.015385	-0.015385	12270.000000000
-0.025641	-0.015385	11780.000000000
-0.035897	-0.015385	11650.000000000
-0.046154	-0.015385	11330.000000000
-0.056410	-0.015385	11480.000000000
-0.066667	-0.015385	11040.000000000
-0.076923	-0.015385	12040.000000000
-0.087179	-0.015385	11760.000000000
-0.097436	-0.015385	11920.000000000
-0.107692	-0.015385	10960.000000000
-0.117949	-0.015385	11550.000000000
-0.128205	-0.015385	11590.000000000
-0.138462	-0.015385	11400.000000000
-0.148718	-0.015385	11280.000000000
-0.158974	-0.015385	11250.000000000
-0.169231	-0.015385	11250.000000000
-0.179487	-0.015385	11880.000000000
-0.189744	-0.015385	11890.000000000
-0.200000	-0.015385	12050.000000000
0.200000	-0.005128	14530.000000000
0.189744	-0.005128	13000.000000000
0.179487	-0.005128	13340.000000000
0.169231	-0.005128	15550.000000000
0.158974	-0.005128	15680.000000000
0.148718	-0.005128	14490.000000000
0.138462	-0.005128	15780.000000000
0.128205	-0.005128	14780.000000000
0.117949	-0.005128	14380.000000000
0.107692	-0.005128	15110.000000000
0.097436	-0.005128	16230.000000000
0.087179	-0.005128	16000.000000000
0.076923	-0.005128	15640.000000000
0.066667	-0.005128	15950.000000000
0.056410	-0.005128	14790.000000000
0.046154	-0.005128	14340.000000000
0.035897	-0.005128	14050.000000000
0.025641	-0.005128	14910.000000000
0.015385	-0.005128	14250.000000000
0.005128	-0.005128	13770.000000000
-0.005128	-0.005128	13610.000000000
-0.015385	-0.005128	14460.000000000
-0.025641	-0.005128	12890.000000000
-0.035897	-0.005128	12580.000000000
-0.046154	-0.005128	12890.000000000
-0.056410	-0.005128	12500.000000000
-0.066667	-0.005128	12760.000000000
-0.076923	-0.005128	12540.000000000
-0.087179	-0.005128	12800.000000000
-0.097436	-0.005128	13600.000000000
-0.107692	-0.005128	12920.000000000
-0.117949	-0.005128	12310.000000000
-0.128205	-0.005128	12270.000000000
-0.138462	-0.005128	11430.000000000
-0.148718	-0.005128	11000.000000000
-0.158974	-0.005128	11210.000000000
-0.169231	-0.005128	11620.000000000
-0.179487	-0.005128	11130.000000000
-0.189744	-0.005128	12010.000000000
-0.200000	-0.005128	11640.000000000
0.200000	0.005128	14320.000000000
0.189744	0.005128	15110.000000000
0.179487	0.005128	15180.000000000
0.169231	0.005128	15750.000000000
0.158974	0.005128	14660.000000000
0.148718	0.005128	14530.000000000
0.138462	0.005128	14770.000000000
0.128205	0.005128	14770.000000000
0.117949	0.005128	15410.000000000
0.107692	0.005128	15510.000000000
0.097436	0.005128	15250.000000000
0.087179	0.005128	15980.000000000
0.076923	0.005128	15250.000000000
0.066667	0.005128	14420.000000000
0.056410	0.005128	13410.000000000
0.046154	0.005128	14110.000000000
0.035897	0.005128	14590.000000000
0.025641	0.005128	13420.000000000
0.015385	0.005128	12820.000000000
0.005128	0.005128	12280.000000000
-0.005128	0.005128	12540.000000000
-0.015385	0.005128	12530.000000000
-0.025641	0.005128	10730.000000000
-0.035897	0.005128	11000.000000000
-0.046154	0.005128	10930.000000000
-0.056410	0.005128	10640.000000000
-0.066667	0.005128	10750.000000000
-0.076923	0.005128	9950.000000000
-0.087179	0.005128	9710.000000000
-0.097436	0.005128	8330.000000000
-0.107692	0.005128	9070.000000000
-0.117949	0.005128	9050.000000000
-0.128205	0.005128	8210.000000000
-0.138462	0.005128	8810.000000000
-0.148718	0.005128	8040.000000000
-0.158974	0.005128	7190.000000000
-0.169231	0.005128	7430.000000000
-0.179487	0.005128	7460.000000000
-0.189744	0.005128	6770.000000000
-0.200000	0.005128	7340.000000000
0.200000	0.015385	11790.000000000
0.189744	0.015385	11880.000000000
0.179487	0.015385	12750.000000000
0.169231	0.015385	10880.000000000
0.158974	0.015385	11560.000000000
0.148718	0.015385	12890.000000000
0.138462	0.015385	10080.000000000
0.128205	0.015385	9960.000000000
0.117949	0.015385	10140.000000000
0.107692	0.015385	10540.000000000
0.097436	0.015385	9960.000000000
0.087179	0.015385	9220.000000000
0.076923	0.015385	8830.000000000
0.066667	0.015385	8330.000000000
0.056410	0.015385	7910.000000000
0.046154	0.015385	8640.000000000
0.035897	0.015385	7560.000000000
0.025641	0.015385	7450.000000000
0.015385	0.015385	6630.000000000
0.005128	0.015385	6040.000000000
-0.005128	0.015385	6570.000000000
-0.015385	0.015385	5680.000000000
-0.025641	0.015385	5340.000000000
-0.035897	0.015385	5760.000000000
-0.046154	0.015385	5590.000000000
-0.056410	0.015385	5020.000000000
-0.066667	0.015385	5320.000000000
-0.076923	0.015385	5340.000000000
-0.087179	0.015385	4710.000000000
-0.097436	0.015385	4390.000000000
-0.107692	0.015385	4990.000000000
-0.117949	0.015385	3960.000000000
-0.128205	0.015385	4310.000000000
-0.138462	0.015385	4700.000000000
-0.148718	0.015385	4300.000000000
-0.158974	0.015385	4370.000000000
-0.169231	0.015385	4060.000000000
-0.179487	0.015385	3900.000000000
-0.189744	0.015385	3330.000000000
-0.200000	0.015385	3610.000000000
0.200000	0.025641	5550.000000000
0.189744	0.025641	5710.000000000
0.179487	0.025641	5790.000000000
0.169231	0.025641	4950.000000000
0.158974	0.025641	4750.000000000
0.148718	0.025641	4930.000000000
0.138462	0.025641	4920.000000000
0.128205	0.025641	4570.000000000
0.117949	0.025641	4460.000000000
0.107692	0.025641	4320.000000000
0.097436	0.025641	4130.000000000
0.087179	0.025641	4210.000000000
0.076923	0.025641	3630.000000000
0.066667	0.025641	4030.000000000
0.056410	0.025641	3230.000000000
0.046154	0.025641	3440.000000000
0.035897	0.025641	3470.000000000
0.025641	0.025641	3700.000000000
0.015385	0.025641	3080.000000000
0.005128	0.025641	3150.000000000
-0.005128	0.025641	3190.000000000
-0.015385	0.025641	3880.000000000
-0.025641	0.025641	2630.000000000
-0.035897	0.025641	2610.000000000
-0.046154	0.025641	2800.000000000
-0.056410	0.025641	2730.000000000
-0.066667	0.025641	2620.000000000
-0.076923	0.025641	2840.000000000
-0.087179	0.025641	2660.000000000
-0.097436	0.025641	2250.000000000
-0.107692	0.025641	2870.000000000
-0.117949	0.025641	2660.000000000
-0.128205	0.025641	2610.000000000
-0.138462	0.025641	2650.000000000
-0.148718	0.025641	2140.000000000
-0.158974	0.025641	1940.000000000
-0.169231	0.025641	2180.000000000
-0.179487	0.025641	2180.000000000
-0.189744	0.025641	2570.000000000
-0.200000	0.025641	2420.000000000
0.200000	0.035897	2820.000000000
0.189744	0.035897	2650.000000000
0.179487	0.035897	2450.000000000
0.169231	0.035897	3010.000000000
0.158974	0.035897	2820.000000000
0.148718	0.035897	2560.000000000
0.138462	0.035897	2370.000000000
0.128205	0.035897	2670.000000000
0.117949	0.035897	2920.000000000
0.107692	0.035897	2530.000000000
0.097436	0.035897	2240.000000000
0.087179	0.035897	2820.000000000
0.076923	0.035897	2490.000000000
0.066667	0.035897	2390.000000000
0.056410	0.035897	2300.000000000
0.046154	0.035897	2040.000000000
0.035897	0.035897	2610.000000000
0.025641	0.035897	2140.000000000
0.015385	0.035897	1910.000000000
0.005128	0.035897	2500.000000000
-0.005128	0.035897	2270.000000000
-0.015385	0.035897	2300.000000000
-0.025641	0.035897	2480.000000000
-0.035897	0.035897	2380.000000000
-0.046154	0.035897	1840.000000000
-0.056410	0.035897	1720.000000000
-0.066667	0.035897	2000.000000000
-0.076923	0.035897	1980.000000000
-0.087179	0.035897	2080.000000000
-0.097436	0.035897	1750.000000000
-0.107692	0.035897	1890.000000000
-0.117949	0.035897	1840.000000000
-0.128205	0.035897	1920.000000000
-0.138462	0.035897	1890.000000000
-0.148718	0.035897	1700.000000000
-0.158974	0.035897	1730.000000000
-0.169231	0.035897	1830.000000000
-0.179487	0.035897	2070.000000000
-0.189744	0.035897	1930.000000000
-0.200000	0.035897	1640.000000000
0.200000	0.046154	1710.000000000
0.189744	0.046154	1720.000000000
0.179487	0.046154	2020.000000000
0.169231	0.046154	2100.000000000
0.158974	0.046154	2100.000000000
0.148718	0.046154	2020.000000000
0.138462	0.046154	2120.000000000
0.128205	0.046154	1770.000000000
0.117949	0.046154	2000.000000000
0.107692	0.046154	1960.000000000
0.097436	0.046154	1730.000000000
0.087179	0.046154	2300.000000000
0.076923	0.046154	2150.000000000
0.066667	0.046154	2170.000000000
0.056410	0.046154	1840.000000000
0.046154	0.046154	1710.000000000
0.035897	0.046154	2190.000000000
0.025641	0.046154	2080.000000000
0.015385	0.046154	2470.000000000
0.005128	0.046154	1820.000000000
-0.005128	0.046154	1820.000000000
-0.015385	0.046154	2050.000000000
-0.025641	0.046154	1690.000000000
-0.035897	0.046154	2030.000000000
-0.046154	0.046154	2200.000000000
-0.056410	0.046154	1880.000000000
-0.066667	0.046154	1900.000000000
-0.076923	0.046154	1860.000000000
-0.087179	0.046154	1730.000000000
-0.097436	0.046154	1730.000000000
-0.107692	0.046154	1950.000000000
-0.117949	0.046154	1850.000000000
-0.128205	0.046154	1620.000000000
-0.138462	0.046154	2000.000000000
-0.148718	0.046154	1580.000000000
-0.158974	0.046154	1740.000000000
-0.169231	0.046154	1880.000000000
-0.179487	0.046154	2160.000000000
-0.189744	0.046154	1550.000000000
-0.200000	0.046154	1740.000000000
0.200000	0.056410	2290.000000000
0.189744	0.056410	1990.000000000
0.179487	0.056410	2190.000000000
0.169231	0.056410	1860.000000000
0.158974	0.056410	2140.000000000
0.148718	0.056410	2320.000000000
0.138462	0.056410	2290.000000000
0.128205	0.056410	1890.000000000
0.117949	0.056410	2070.000000000
0.107692	0.056410	2120.000000000
0.097436	0.056410	1940.000000000
0.087179	0.056410	1740.000000000
0.076923	0.056410	1780.000000000
0.066667	0.056410	1990.000000000
0.056410	0.056410	1740.000000000
0.046154	0.056410	2110.000000000
0.035897	0.056410	1600.000000000
0.025641	0.056410	1880.000000000
0.015385	0.056410	1770.000000000
0.005128	0.056410	1750.000000000
-0.005128	0.056410	1770.000000000
-0.015385	0.056410	1910.000000000
-0.025641	0.056410	1670.000000000
-0.035897	0.056410	1840.000000000
-0.046154	0.056410	2030.000000000
-0.056410	0.056410	1900.000000000
-0.066667	0.056410	1820.000000000
-0.076923	0.056410	1750.000000000
-0.087179	0.056410	1940.000000000
-0.097436	0.056410	1910.000000000
-0.107692	0.056410	1870.000000000
-0.117949	0.056410	1900.000000000
-0.128205	0.056410	1980.000000000
-0.138462	0.056410	2380.000000000
-0.148718	0.056410	2190.000000000
-0.158974	0.056410	1940.000000000
-0.169231	0.056410	1530.000000000
-0.179487	0.056410	1760.000000000
-0.189744	0.056410	2050.000000000
-0.200000	0.056410	1870.000000000
0.200000	0.066667	2020.000000000
0.189744	0.066667	1960.000000000
0.179487	0.066667	1920.000000000
0.169231	0.066667	1650.000000000
0.158974	0.066667	2230.000000000
0.148718	0.066667	2280.000000000
0.138462	0.066667	1740.000000000
0.128205	0.066667	2280.000000000
0.117949	0.066667	2390.000000000
0.107692	0.066667	2200.000000000
0.097436	0.066667	1970.000000000
0.087179	0.066667	2170.000000000
0.076923	0.066667	1980.000000000
0.066667	0.066667	2110.000000000
0.056410	0.066667	2240.000000000
0.046154	0.066667	1990.000000000
0.035897	0.066667	1990.000000000
0.025641	0.066667	2040.000000000
0.015385	0.066667	2210.000000000
0.005128	0.066667	2060.000000000
-0.005128	0.066667	2000.000000000
-0.015385	0.066667	1910.000000000
-0.025641	0.066667	1570.000000000
-0.035897	0.066667	1910.000000000
-0.046154	0.066667	1880.000000000
-0.056410	0.066667	1750.000000000
-0.066667	0.066667	1860.000000000
-0.076923	0.066667	1770.000000000
-0.087179	0.066667	1780.000000000
-0.097436	0.066667	1900.000000000
-0.107692	0.066667	2330.000000000
-0.117949	0.066667	2400.000000000
-0.128205	0.066667	2110.000000000
-0.138462	0.066667	2250.000000000
-0.148718	0.066667	1970.000000000
-0.158974	0.066667	1910.000000000
-0.169231	0.066667	2090.000000000
-0.179487	0.066667	1990.000000000
-0.189744	0.066667	2090.000000000
-0.200000	0.066667	2090.000000000
0.200000	0.076923	2300.000000000
0.189744	0.076923	2530.000000000
0.179487	0.076923	2020.000000000
0.169231	0.076923	2100.000000000
0.158974	0.076923	2490.000000000
0.148718	0.076923	2450.000000000
0.138462	0.076923	2860.000000000
0.128205	0.076923	2720.000000000
0.117949	0.076923	2260.000000000
0.107692	0.076923	2420.000000000
0.097436	0.076923	2150.000000000
0.087179	0.076923	2910.000000000
0.076923	0.076923	2380.000000000
0.066667	0.076923	2550.000000000
0.056410	0.076923	2610.000000000
0.046154	0.076923	2400.000000000
0.035897	0.076923	2450.000000000
0.025641	0.076923	2920.000000000
0.015385	0.076923	2250.000000000
0.005128	0.076923	2180.000000000
-0.005128	0.076923	2270.000000000
-0.015385	0.076923	2430.000000000
-0.025641	0.076923	2900.000000000
-0.035897	0.076923	2090.000000000
-0.046154	0.076923	2330.000000000
-0.056410	0.076923	2240.000000000
-0.066667	0.076923	2480.000000000
-0.076923	0.076923	2480.000000000
-0.087179	0.076923	2450.000000000
-0.097436	0.076923	2480.000000000
-0.107692	0.076923	3140.000000000
-0.117949	0.076923	2650.000000000
-0.128205	0.076923	2480.000000000
-0.138462	0.076923	2500.000000000
-0.148718	0.076923	2520.000000000
-0.158974	0.076923	2450.000000000
-0.169231	0.076923	2830.000000000
-0.179487	0.076923	2690.000000000
-0.189744	0.076923	2250.000000000
-0.200000	0.076923	2410.000000000
0.200000	0.087179	2500.000000000
0.189744	0.087179	2890.000000000
0.179487	0.087179	3210.000000000
0.169231	0.087179	2980.000000000
0.158974	0.087179	2870.000000000
0.148718	0.087179	2980.000000000
0.138462	0.087179	3340.000000000
0.128205	0.087179	2790.000000000
0.117949	0.087179	3230.000000000
0.107692	0.087179	3240.000000000
0.097436	0.087179	3120.000000000
0.087179	0.087179	3510.000000000
0.076923	0.087179	2940.000000000
0.066667	0.087179	3070.000000000
0.056410	0.087179	3050.000000000
0.046154	0.087179	3050.000000000
0.035897	0.087179	3270.000000000
0.025641	0.087179	3250.000000000
0.015385	0.087179	3530.000000000
0.005128	0.087179	3410.000000000
-0.005128	0.087179	3410.000000000
-0.015385	0.087179	3800.000000000
-0.025641	0.087179	3940.000000000
-0.035897	0.087179	3700.000000000
-0.046154	0.087179	3840.000000000
-0.056410	0.087179	4130.000000000
-0.066667	0.087179	3900.000000000
-0.076923	0.087179	4320.000000000
-0.087179	0.087179	4550.000000000
-0.097436	0.087179	4790.000000000
-0.107692	0.087179	4770.000000000
-0.117949	0.087179	4450.000000000
-0.128205	0.087179	4320.000000000
-0.138462	0.087179	4510.000000000
-0.148718	0.087179	3960.000000000
-0.158974	0.087179	4370.000000000
-0.169231	0.087179	4180.000000000
-0.179487	0.087179	4010.000000000
-0.189744	0.087179	4200.000000000
-0.200000	0.087179	4490.000000000
0.200000	0.097436	4750.000000000
0.189744	0.097436	5430.000000000
0.179487	0.097436	5210.000000000
0.169231	0.097436	4810.000000000
0.158974	0.097436	4460.000000000
0.148718	0.097436	5540.000000000
0.138462	0.097436	6090.000000000
0.128205	0.097436	6800.000000000
0.117949	0.097436	6650.000000000
0.107692	0.097436	7030.000000000
0.097436	0.097436	6560.000000000
0.087179	0.097436	6750.000000000
0.076923	0.097436	7270.000000000
0.066667	0.097436	7630.000000000
0.056410	0.097436	8310.000000000
0.046154	0.097436	8040.000000000
0.035897	0.097436	9710.000000000
0.025641	0.097436	8440.000000000
0.015385	0.097436	8980.000000000
0.005128	0.097436	8230.000000000
-0.005128	0.097436	8830.000000000
-0.015385	0.097436	8440.000000000
-0.025641	0.097436	8530.000000000
-0.035897	0.097436	9220.000000000
-0.046154	0.097436	9350.000000000
-0.056410	0.097436	9510.000000000
-0.066667	0.097436	9280.000000000
-0.076923	0.097436	9450.000000000
-0.087179	0.097436	9170.000000000
-0.097436	0.097436	8840.000000000
-0.107692	0.097436	9290.000000000
-0.117949	0.097436	9610.000000000
-0.128205	0.097436	9940.000000000
-0.138462	0.097436	9020.000000000
-0.148718	0.097436	7930.000000000
-0.158974	0.097436	7140.000000000
-0.169231	0.097436	6170.000000000
-0.179487	0.097436	6370.000000000
-0.189744	0.097436	7430.000000000
-0.200000	0.097436	8850.000000000
0.200000	0.107692	10950.000000000
0.189744	0.107692	10310.000000000
0.179487	0.107692	8410.000000000
0.169231	0.107692	4810.000000000
0.158974	0.107692	8910.000000000
0.148718	0.107692	12190.000000000
0.138462	0.107692	11750.000000000
0.128205	0.107692	11930.000000000
0.117949	0.107692	11380.000000000
0.107692	0.107692	11430.000000000
0.097436	0.107692	12640.000000000
0.087179	0.107692	12390.000000000
0.076923	0.107692	12000.000000000
0.066667	0.107692	10840.000000000
0.056410	0.107692	12030.000000000
0.046154	0.107692	12920.000000000
0.035897	0.107692	12790.000000000
0.025641	0.107692	12710.000000000
0.015385	0.107692	11660.000000000
0.005128	0.107692	11470.000000000
-0.005128	0.107692	12470.000000000
-0.015385	0.107692	12180.000000000
-0.025641	0.107692	11160.000000000
-0.035897	0.107692	11060.000000000
-0.046154	0.107692	11830.000000000
-0.056410	0.107692	11530.000000000
-0.066667	0.107692	10970.000000000
-0.076923	0.107692	11970.000000000
-0.087179	0.107692	12430.000000000
-0.097436	0.107692	11550.000000000
-0.107692	0.107692	10330.000000000
-0.117949	0.107692	10970.000000000
-0.128205	0.107692	11090.000000000
-0.138462	0.107692	10060.000000000
-0.148718	0.107692	8690.000000000
-0.158974	0.107692	7460.000000000
-0.169231	0.107692	6640.000000000
-0.179487	0.107692	7390.000000000
-0.189744	0.107692	8700.000000000
-0.200000	0.107692	9850.000000000
0.200000	0.117949	13260.000000000
0.189744	0.117949	10960.000000000
0.179487	0.117949	8130.000000000
0.169231	0.117949	11970.000000000
0.158974	0.117949	13360.000000000
0.148718	0.117949	12780.000000000
0.138462	0.117949	13700.000000000
0.128205	0.117949	14650.000000000
0.117949	0.117949	13250.000000000
0.107692	0.117949	13030.000000000
0.097436	0.117949	11990.000000000
0.087179	0.117949	12610.000000000
0.076923	0.117949	12470.000000000
0.066667	0.117949	12670.000000000
0.056410	0.117949	13470.000000000
0.046154	0.117949	12640.000000000
0.035897	0.117949	12350.000000000
0.025641	0.117949	12320.000000000
0.015385	0.117949	12630.000000000
0.005128	0.117949	12930.000000000
-0.005128	0.117949	12280.000000000
-0.015385	0.117949	12270.000000000
-0.025641	0.117949	11450.000000000
-0.035897	0.117949	12460.000000000
-0.046154	0.117949	12520.000000000
-0.056410	0.117949	12130.000000000
-0.066667	0.117949	12150.000000000
-0.076923	0.117949	12770.000000000
-0.087179	0.117949	11260.000000000
-0.097436	0.117949	11190.000000000
-0.107692	0.117949	11350.000000000
-0.117949	0.117949	11830.000000000
-0.128205	0.117949	11200.000000000
-0.138462	0.117949	10340.000000000
-0.148718	0.117949	9000.000000000
-0.158974	0.117949	7160.000000000
-0.169231	0.117949	6890.000000000
-0.179487	0.117949	8160.000000000
-0.189744	0.117949	9470.000000000
-0.200000	0.117949	10050.000000000
0.200000	0.128205	8210.000000000
0.189744	0.128205	7430.000000000
0.179487	0.128205	9010.000000000
0.169231	0.128205	8810.000000000
0.158974	0.128205	9630.000000000
0.148718	0.128205	8970.000000000
0.138462	0.128205	8870.000000000
0.128205	0.128205	9130.000000000
0.117949	0.128205	8600.000000000
0.107692	0.128205	8320.000000000
0.097436	0.128205	8630.000000000
0.087179	0.128205	8010.000000000
0.076923	0.128205	8860.000000000
0.066667	0.128205	8000.000000000
0.056410	0.128205	8530.000000000
0.046154	0.128205	8380.000000000
0.035897	0.128205	8680.000000000
0.025641	0.128205	8080.000000000
0.015385	0.128205	8110.000000000
0.005128	0.128205	8170.000000000
-0.005128	0.128205	8360.000000000
-0.015385	0.128205	8510.000000000
-0.025641	0.128205	8080.000000000
-0.035897	0.128205	7640.000000000
-0.046154	0.128205	8000.000000000
-0.056410	0.128205	7900.000000000
-0.066667	0.128205	7310.000000000
-0.076923	0.128205	7640.000000000
-0.087179	0.128205	7690.000000000
-0.097436	0.128205	8150.000000000
-0.107692	0.128205	8380.000000000
-0.117949	0.128205	7500.000000000
-0.128205	0.128205	7530.000000000
-0.138462	0.128205	7800.000000000
-0.148718	0.128205	7380.000000000
-0.158974	0.128205	6100.000000000
-0.169231	0.128205	5970.000000000
-0.179487	0.128205	6720.000000000
-0.189744	0.128205	7470.000000000
-0.200000	0.128205	7300.000000000
0.200000	0.138462	1440.000000000
0.189744	0.138462	2620.000000000
0.179487	0.138462	4250.000000000
0.169231	0.138462	3730.000000000
0.158974	0.138462	4220.000000000
0.148718	0.138462	3710.000000000
0.138462	0.138462	4190.000000000
0.128205	0.138462	3870.000000000
0.117949	0.138462	4000.000000000
0.107692	0.138462	3660.000000000
0.097436	0.138462	3720.000000000
0.087179	0.138462	3760.000000000
0.076923	0.138462	3950.000000000
0.066667	0.138462	3650.000000000
0.056410	0.138462	3940.000000000
0.046154	0.138462	3770.000000000
0.035897	0.138462	3760.000000000
0.025641	0.138462	3660.000000000
0.015385	0.138462	3900.000000000
0.005128	0.138462	3020.000000000
-0.005128	0.138462	3980.000000000
-0.015385	0.138462	4090.000000000
-0.025641	0.138462	4220.000000000
-0.035897	0.138462	3960.000000000
-0.046154	0.138462	3840.000000000
-0.056410	0.138462	4020.000000000
-0.066667	0.138462	4050.000000000
-0.076923	0.138462	4270.000000000
-0.087179	0.138462	3820.000000000
-0.097436	0.138462	3810.000000000
-0.107692	0.138462	3980.000000000
-0.117949	0.138462	4120.000000000
-0.128205	0.138462	4130.000000000
-0.138462	0.138462	3850.000000000
-0.148718	0.138462	4090.000000000
-0.158974	0.138462	3180.000000000
-0.169231	0.138462	3510.000000000
-0.179487	0.138462	3970.000000000
-0.189744	0.138462	4060.000000000
-0.200000	0.138462	3840.000000000
0.200000	0.148718	1790.000000000
0.189744	0.148718	1990.000000000
0.179487	0.148718	1690.000000000
0.169231	0.148718	2040.000000000
0.158974	0.148718	1950.000000000
0.148718	0.148718	2070.000000000
0.138462	0.148718	1670.000000000
0.128205	0.148718	1760.000000000
0.117949	0.148718	2330.000000000
0.107692	0.148718	1920.000000000
0.097436	0.148718	1930.000000000
0.087179	0.148718	1690.000000000
0.076923	0.148718	1990.000000000
0.066667	0.148718	1760.000000000
0.056410	0.148718	2340.000000000
0.046154	0.148718	2310.000000000
0.035897	0.148718	2180.000000000
0.025641	0.148718	1980.000000000
0.015385	0.148718	1930.000000000
0.005128	0.148718	2110.000000000
-0.005128	0.148718	2200.000000000
-0.015385	0.148718	2200.000000000
-0.025641	0.148718	2220.000000000
-0.035897	0.148718	2140.000000000
-0.046154	0.148718	2280.000000000
-0.056410	0.148718	2140.000000000
-0.066667	0.148718	2050.000000000
-0.076923	0.148718	2050.000000000
-0.087179	0.148718	2200.000000000
-0.097436	0.148718	2370.000000000
-0.107692	0.148718	2160.000000000
-0.117949	0.148718	1940.000000000
-0.128205	0.148718	2190.000000000
-0.138462	0.148718	2270.000000000
-0.148718	0.148718	2320.000000000
-0.158974	0.148718	1990.000000000
-0.169231	0.148718	2330.000000000
-0.179487	0.148718	2080.000000000
-0.189744	0.148718	2110.000000000
-0.200000	0.148718	2110.000000000
0.200000	0.158974	1300.000000000
0.189744	0.158974	1200.000000000
0.179487	0.158974	1560.000000000
0.169231	0.158974	1750.000000000
0.158974	0.158974	1430.000000000
0.148718	0.158974	1700.000000000
0.138462	0.158974	1940.000000000
0.128205	0.158974	1500.000000000
0.117949	0.158974	1400.000000000
0.107692	0.158974	1770.000000000
0.097436	0.158974	1830.000000000
0.087179	0.158974	1670.000000000
0.076923	0.158974	1430.000000000
0.066667	0.158974	1530.000000000
0.056410	0.158974	1010.000000000
0.046154	0.158974	1430.000000000
0.035897	0.158974	1400.000000000
0.025641	0.158974	1550.000000000
0.015385	0.158974	1500.000000000
0.005128	0.158974	1640.000000000
-0.005128	0.158974	1730.000000000
-0.015385	0.158974	1800.000000000
-0.025641	0.158974	1390.000000000
-0.035897	0.158974	1660.000000000
-0.046154	0.158974	1640.000000000
-0.056410	0.158974	1900.000000000
-0.066667	0.158974	1710.000000000
-0.076923	0.158974	1850.000000000
-0.087179	0.158974	1790.000000000
-0.097436	0.158974	1480.000000000
-0.107692	0.158974	1800.000000000
-0.117949	0.158974	1770.000000000
-0.128205	0.158974	1650.000000000
-0.138462	0.158974	1710.000000000
-0.148718	0.158974	1720.000000000
-0.158974	0.158974	1970.000000000
-0.169231	0.158974	1830.000000000
-0.179487	0.158974	2080.000000000
-0.189744	0.158974	1430.000000000
-0.200000	0.158974	1740.000000000
0.200000	0.169231	1490.000000000
0.189744	0.169231	1350.000000000
0.179487	0.169231	1270.000000000
0.169231	0.169231	1440.000000000
0.158974	0.169231	1490.000000000
0.148718	0.169231	1400.000000000
0.138462	0.169231	1340.000000000
0.128205	0.169231	1650.000000000
0.117949	0.169231	1380.000000000
0.107692	0.169231	1440.000000000
0.097436	0.169231	1310.000000000
0.087179	0.169231	1520.000000000
0.076923	0.169231	1550.000000000
0.066667	0.169231	1650.000000000
0.056410	0.169231	1360.000000000
0.046154	0.169231	1110.000000000
0.035897	0.169231	1310.000000000
0.025641	0.169231	1380.000000000
0.015385	0.169231	1530.000000000
0.005128	0.169231	1530.000000000
-0.005128	0.169231	1540.000000000
-0.015385	0.169231	1830.000000000
-0.025641	0.169231	1510.000000000
-0.035897	0.169231	1870.000000000
-0.046154	0.169231	1570.000000000
-0.056410	0.169231	1350.000000000
-0.066667	0.169231	1740.000000000
-0.076923	0.169231	1670.000000000
-0.087179	0.169231	1540.000000000
-0.097436	0.169231	1790.000000000
-0.107692	0.169231	1430.000000000
