Voltage	Current
0.000000	-0.0294191
0.007812	-0.0294191
0.015625	-0.0294191
0.023437	-0.0294191
0.031250	-0.0294191
0.039062	-0.0294191
0.046875	-0.0294191
0.054687	-0.0294191
0.062500	-0.0294191
0.070312	-0.0294191
0.078125	-0.0294191
0.085937	-0.0294191
0.093750	-0.0294191
0.101562	-0.0294191
0.109375	-0.0294191
0.117187	-0.0294191
0.125000	-0.0294191
0.132812	-0.0294191
0.140625	-0.0294191
0.148437	-0.0294191
0.156250	-0.0294191
0.164062	-0.0294191
0.171875	-0.0294191
0.179687	-0.0294191
0.187500	-0.0294191
0.195312	-0.0294191
0.203125	-0.0294191
0.210937	-0.0294191
0.218750	-0.0294191
0.226562	-0.0294191
0.234375	-0.0294191
0.242187	-0.0294191
0.250000	-0.0294191
0.257812	-0.0294191
0.265625	-0.0294191
0.273437	-0.0294191
0.281250	-0.0294191
0.289062	-0.0294191
0.296875	-0.0294191
0.304687	-0.0294191
0.312500	-0.0294191
0.320312	-0.0294191
0.328125	-0.0294191
0.335937	-0.0294191
0.343750	-0.0294191
0.351562	-0.0294191
0.359375	-0.0294191
0.367187	-0.0294191
0.375000	-0.0294191
0.382812	-0.0294191
0.390625	-0.0294191
0.398437	-0.0294191
0.406250	-0.0294191
0.414062	-0.0294191
0.421875	-0.0294191
0.429687	-0.0294191
0.437500	-0.0294191
